-0.000843
-0.000827
-0.000789
-0.000752
-0.000714
-0.000677
-0.000639
-0.000602
-0.000565
-0.000527
-0.000490
-0.000453
-0.000415
-0.000378
-0.000341
-0.000304
-0.000266
-0.000229
-0.000192
-0.000155
-0.000118
-0.000081
-0.000043
-0.000006
0.000031
0.000068
0.000105
0.000142
0.000179
0.000216
0.000253
0.000290
0.000327
0.000363
0.000400
0.000437
0.000474
0.000511
0.000548
0.000585
0.000621
0.000658
0.000695
0.000732
0.000768
0.000805
0.000842
0.000879
0.000915
0.000952
0.000989
0.001025
0.001062
0.001099
0.001135
0.001172
0.001208
0.001245
0.001282
0.001318
0.001355
0.001391
0.001428
0.001464
0.001501
0.001537
0.001574
0.001610
0.001647
0.001683
0.001720
0.001756
0.001793
0.001829
0.001866
0.001902
0.001938
0.001975
0.002011
0.002048
0.002084
0.002120
0.002157
0.002193
0.002229
0.002266
0.002302
0.002338
0.002375
0.002411
0.002447
0.002484
0.002520
0.002556
0.002593
0.002629
0.002665
0.002701
0.002738
0.002774
0.002810
0.002847
0.002883
0.002919
0.002955
0.002992
0.003028
0.003064
0.003100
0.003137
0.003173
0.003209
0.003245
0.003282
0.003318
0.003354
0.003390
0.003427
0.003463
0.003499
0.003535
0.003571
0.003608
0.003644
0.003680
0.003716
0.003753
0.003789
0.003825
0.003861
0.003898
0.003934
0.003970
0.004006
0.004043
0.004079
0.004115
0.004151
0.004187
0.004224
0.004260
0.004296
0.004332
0.004369
0.004405
0.004441
0.004477
0.004514
0.004550
0.004586
0.004623
0.004659
0.004695
0.004731
0.004768
0.004804
0.004840
0.004876
0.004913
0.004949
0.004985
0.005022
0.005058
0.005094
0.005131
0.005167
0.005203
0.005240
0.005276
0.005312
0.005349
0.005385
0.005421
0.005458
0.005494
0.005530
0.005567
0.005603
0.005640
0.005676
0.005712
0.005749
0.005785
0.005822
0.005858
0.005895
0.005931
0.005967
0.006004
0.006040
0.006077
0.006113
0.006150
0.006186
0.006223
0.006259
0.006296
0.006332
0.006369
0.006405
0.006442
0.006478
0.006515
0.006551
0.006588
0.006625
0.006661
0.006698
0.006734
0.006771
0.006807
0.006844
0.006881
0.006917
0.006954
0.006991
0.007027
0.007064
0.007101
0.007137
0.007174
0.007211
0.007247
0.007284
0.007321
0.007357
0.007394
0.007431
0.007468
0.007504
0.007541
0.007578
0.007615
0.007651
0.007688
0.007725
0.007762
0.007799
0.007835
0.007872
0.007909
0.007946
0.007983
0.008020
0.008056
0.008093
0.008130
0.008167
0.008204
0.008241
0.008278
0.008315
0.008352
0.008388
0.008425
0.008462
0.008499
0.008536
0.008573
0.008610
0.008647
0.008684
0.008721
0.008758
0.008795
0.008832
0.008869
0.008906
0.008943
0.008980
0.009017
0.009054
0.009092
0.009129
0.009166
0.009203
0.009240
0.009277
0.009314
0.009351
0.009388
0.009425
0.009463
0.009500
0.009537
0.009574
0.009611
0.009648
0.009685
0.009723
0.009760
0.009797
0.009834
0.009871
0.009909
0.009946
0.009983
0.010020
0.010057
0.010095
0.010132
0.010169
0.010206
0.010244
0.010281
0.010318
0.010355
0.010393
0.010430
0.010467
0.010504
0.010542
0.010579
0.010616
0.010654
0.010691
0.010728
0.010765
0.010803
0.010840
0.010877
0.010915
0.010952
0.010989
0.011027
0.011064
0.011101
0.011139
0.011176
0.011213
0.011251
0.011288
0.011325
0.011362
0.011400
0.011437
0.011474
0.011512
0.011549
0.011586
0.011624
0.011661
0.011698
0.011736
0.011773
0.011810
0.011848
0.011885
0.011922
0.011960
0.011997
0.012034
0.012072
0.012109
0.012146
0.012184
0.012221
0.012258
0.012296
0.012333
0.012370
0.012407
0.012445
0.012482
0.012519
0.012557
0.012594
0.012631
0.012668
0.012706
0.012743
0.012780
0.012817
0.012855
0.012892
0.012929
0.012966
0.013004
0.013041
0.013078
0.013115
0.013152
0.013190
0.013227
0.013264
0.013301
0.013338
0.013375
0.013412
0.013450
0.013487
0.013524
0.013561
0.013598
0.013635
0.013672
0.013709
0.013746
0.013783
0.013820
0.013857
0.013894
0.013931
0.013968
0.014005
0.014042
0.014079
0.014116
0.014153
0.014190
0.014227
0.014264
0.014301
0.014338
0.014374
0.014411
0.014448
0.014485
0.014522
0.014558
0.014595
0.014632
0.014669
0.014705
0.014742
0.014779
0.014815
0.014852
0.014889
0.014925
0.014962
0.014998
0.015035
0.015072
0.015108
0.015145
0.015181
0.015218
0.015254
0.015290
0.015327
0.015363
0.015400
0.015436
0.015472
0.015509
0.015545
0.015581
0.015617
0.015654
0.015690
0.015726
0.015762
0.015798
0.015834
0.015870
0.015906
0.015943
0.015979
0.016015
0.016050
0.016086
0.016122
0.016158
0.016194
0.016230
0.016266
0.016302
0.016337
0.016373
0.016409
0.016444
0.016480
0.016516
0.016551
0.016587
0.016622
0.016658
0.016693
0.016729
0.016764
0.016800
0.016835
0.016870
0.016906
0.016941
0.016976
0.017011
0.017047
0.017082
0.017117
0.017152
0.017187
0.017222
0.017257
0.017292
0.017327
0.017362
0.017396
0.017431
0.017466
0.017501
0.017536
0.017570
0.017605
0.017639
0.017674
0.017709
0.017743
0.017778
0.017812
0.017846
0.017881
0.017915
0.017949
0.017984
0.018018
0.018052
0.018086
0.018120
0.018154
0.018188
0.018222
0.018256
0.018290
0.018324
0.018358
0.018391
0.018425
0.018459
0.018492
0.018526
0.018560
0.018593
0.018627
0.018660
0.018693
0.018727
0.018760
0.018793
0.018826
0.018860
0.018893
0.018926
0.018959
0.018992
0.019025
0.019058
0.019091
0.019123
0.019156
0.019189
0.019222
0.019254
0.019287
0.019319
0.019352
0.019384
0.019417
0.019449
0.019481
0.019513
0.019546
0.019578
0.019610
0.019642
0.019674
0.019706
0.019738
0.019770
0.019801
0.019833
0.019865
0.019896
0.019928
0.019960
0.019991
0.020022
0.020054
0.020085
0.020116
0.020148
0.020179
0.020210
0.020241
0.020272
0.020303
0.020334
0.020365
0.020396
0.020426
0.020457
0.020488
0.020518
0.020549
0.020579
0.020610
0.020640
0.020670
0.020700
0.020731
0.020761
0.020791
0.020821
0.020851
0.020881
0.020911
0.020940
0.020970
0.021000
0.021029
0.021059
0.021088
0.021118
0.021147
0.021176
0.021206
0.021235
0.021264
0.021293
0.021322
0.021351
0.021380
0.021409
0.021438
0.021466
0.021495
0.021524
0.021552
0.021581
0.021609
0.021637
0.021666
0.021694
0.021722
0.021750
0.021778
0.021806
0.021834
0.021862
0.021890
0.021917
0.021945
0.021972
0.022000
0.022027
0.022055
0.022082
0.022109
0.022137
0.022164
0.022191
0.022218
0.022245
0.022272
0.022298
0.022325
0.022352
0.022378
0.022405
0.022431
0.022458
0.022484
0.022511
0.022537
0.022563
0.022589
0.022615
0.022641
0.022667
0.022693
0.022718
0.022744
0.022770
0.022795
0.022821
0.022846
0.022871
0.022897
0.022922
0.022947
0.022972
0.022997
0.023022
0.023047
0.023072
0.023096
0.023121
0.023145
0.023170
0.023194
0.023219
0.023243
0.023267
0.023291
0.023315
0.023339
0.023363
0.023387
0.023411
0.023435
0.023459
0.023482
0.023506
0.023529
0.023552
0.023576
0.023599
0.023622
0.023645
0.023668
0.023691
0.023714
0.023737
0.023760
0.023782
0.023805
0.023827
0.023850
0.023872
0.023894
0.023917
0.023939
0.023961
0.023983
0.024005
0.024027
0.024049
0.024070
0.024092
0.024114
0.024135
0.024156
0.024178
0.024199
0.024220
0.024241
0.024262
0.024283
0.024304
0.024325
0.024346
0.024367
0.024387
0.024408
0.024428
0.024449
0.024469
0.024489
0.024509
0.024530
0.024550
0.024570
0.024589
0.024609
0.024629
0.024649
0.024668
0.024688
0.024707
0.024727
0.024746
0.024765
0.024784
0.024803
0.024822
0.024841
0.024860
0.024879
0.024898
0.024916
0.024935
0.024953
0.024972
0.024990
0.025008
0.025026
0.025044
0.025062
0.025080
0.025098
0.025116
0.025134
0.025151
0.025169
0.025187
0.025204
0.025221
0.025239
0.025256
0.025273
0.025290
0.025307
0.025324
0.025341
0.025357
0.025374
0.025391
0.025407
0.025424
0.025440
0.025456
0.025473
0.025489
0.025505
0.025521
0.025537
0.025553
0.025568
0.025584
0.025600
0.025615
0.025631
0.025646
0.025662
0.025677
0.025692
0.025707
0.025722
0.025737
0.025752
0.025767
0.025782
0.025796
0.025811
0.025825
0.025840
0.025854
0.025869
0.025883
0.025897
0.025911
0.025925
0.025939
0.025953
0.025967
0.025980
0.025994
0.026007
0.026021
0.026034
0.026048
0.026061
0.026074
0.026087
0.026100
0.026113
0.026126
0.026139
0.026152
0.026164
0.026177
0.026189
0.026202
0.026214
0.026227
0.026239
0.026251
0.026263
0.026275
0.026287
0.026299
0.026311
0.026322
0.026334
0.026346
0.026357
0.026369
0.026380
0.026391
0.026402
0.026414
0.026425
0.026436
0.026447
0.026457
0.026468
0.026479
0.026490
0.026500
0.026511
0.026521
0.026531
0.026542
0.026552
0.026562
0.026572
0.026582
0.026592
0.026602
0.026612
0.026621
0.026631
0.026641
0.026650
0.026660
0.026669
0.026678
0.026687
0.026697
0.026706
0.026715
0.026724
0.026732
0.026741
0.026750
0.026759
0.026767
0.026776
0.026784
0.026793
0.026801
0.026809
0.026817
0.026825
0.026833
0.026841
0.026849
0.026857
0.026865
0.026872
0.026880
0.026888
0.026895
0.026903
0.026910
0.026917
0.026924
0.026931
0.026939
0.026946
0.026952
0.026959
0.026966
0.026973
0.026980
0.026986
0.026993
0.026999
0.027006
0.027012
0.027018
0.027024
0.027030
0.027036
0.027042
0.027048
0.027054
0.027060
0.027066
0.027071
0.027077
0.027083
0.027088
0.027093
0.027099
0.027104
0.027109
0.027114
0.027119
0.027124
0.027129
0.027134
0.027139
0.027144
0.027148
0.027153
0.027158
0.027162
0.027167
0.027171
0.027175
0.027179
0.027184
0.027188
0.027192
0.027196
0.027200
0.027204
0.027207
0.027211
0.027215
0.027218
0.027222
0.027225
0.027229
0.027232
0.027235
0.027239
0.027242
0.027245
0.027248
0.027251
0.027254
0.027257
0.027259
0.027262
0.027265
0.027267
0.027270
0.027272
0.027275
0.027277
0.027280
0.027282
0.027284
0.027286
0.027288
0.027290
0.027292
0.027294
0.027296
0.027298
0.027299
0.027301
0.027302
0.027304
0.027305
0.027307
0.027308
0.027310
0.027311
0.027312
0.027313
0.027314
0.027315
0.027316
0.027317
0.027318
0.027319
0.027319
0.027320
0.027320
0.027321
0.027322
0.027322
0.027322
0.027323
0.027323
0.027323
0.027323
0.027323
0.027323
0.027323
0.027323
0.027323
0.027323
0.027323
0.027322
0.027322
0.027322
0.027321
0.027321
0.027320
0.027319
0.027319
0.027318
0.027317
0.027316
0.027315
0.027314
0.027313
0.027312
0.027311
0.027310
0.027309
0.027308
0.027306
0.027305
0.027303
0.027302
0.027300
0.027299
0.027297
0.027295
0.027294
0.027292
0.027290
0.027288
0.027286
0.027284
0.027282
0.027280
0.027278
0.027276
0.027273
0.027271
0.027269
0.027266
0.027264
0.027261
0.027259
0.027256
0.027253
0.027251
0.027248
0.027245
0.027242
0.027239
0.027236
0.027233
0.027230
0.027227
0.027224
0.027221
0.027217
0.027214
0.027211
0.027207
0.027204
0.027200
0.027197
0.027193
0.027190
0.027186
0.027182
0.027178
0.027174
0.027171
0.027167
0.027163
0.027159
0.027155
0.027150
0.027146
0.027142
0.027138
0.027134
0.027129
0.027125
0.027120
0.027116
0.027111
0.027107
0.027102
0.027098
0.027093
0.027088
0.027083
0.027078
0.027074
0.027069
0.027064
0.027059
0.027054
0.027048
0.027043
0.027038
0.027033
0.027028
0.027022
0.027017
0.027012
0.027006
0.027001
0.026995
0.026990
0.026984
0.026978
0.026973
0.026967
0.026961
0.026955
0.026949
0.026943
0.026937
0.026931
0.026925
0.026919
0.026913
0.026907
0.026901
0.026895
0.026888
0.026882
0.026876
0.026869
0.026863
0.026856
0.026850
0.026843
0.026837
0.026830
0.026823
0.026817
0.026810
0.026803
0.026796
0.026790
0.026783
0.026776
0.026769
0.026762
0.026755
0.026748
0.026740
0.026733
0.026726
0.026719
0.026712
0.026704
0.026697
0.026690
0.026682
0.026675
0.026667
0.026660
0.026652
0.026644
0.026637
0.026629
0.026621
0.026614
0.026606
0.026598
0.026590
0.026582
0.026574
0.026566
0.026558
0.026550
0.026542
0.026534
0.026526
0.026518
0.026510
0.026502
0.026493
0.026485
0.026477
0.026468
0.026460
0.026451
0.026443
0.026434
0.026426
0.026417
0.026409
0.026400
0.026391
0.026383
0.026374
0.026365
0.026356
0.026348
0.026339
0.026330
0.026321
0.026312
0.026303
0.026294
0.026285
0.026276
0.026267
0.026258
0.026249
0.026239
0.026230
0.026221
0.026212
0.026202
0.026193
0.026183
0.026174
0.026165
0.026155
0.026146
0.026136
0.026127
0.026117
0.026107
0.026098
0.026088
0.026078
0.026069
0.026059
0.026049
0.026039
0.026029
0.026020
0.026010
0.026000
0.025990
0.025980
0.025970
0.025960
0.025950
0.025940
0.025930
0.025919
0.025909
0.025899
0.025889
0.025879
0.025868
0.025858
0.025848
0.025837
0.025827
0.025816
0.025806
0.025796
0.025785
0.025775
0.025764
0.025753
0.025743
0.025732
0.025722
0.025711
0.025700
0.025690
0.025679
0.025668
0.025657
0.025647
0.025636
0.025625
0.025614
0.025603
0.025592
0.025581
0.025570
0.025559
0.025548
0.025537
0.025526
0.025515
0.025504
0.025493
0.025482
0.025470
0.025459
0.025448
0.025437
0.025425
0.025414
0.025403
0.025392
0.025380
0.025369
0.025357
0.025346
0.025335
0.025323
0.025312
0.025300
0.025289
0.025277
0.025265
0.025254
0.025242
0.025231
0.025219
0.025207
0.025196
0.025184
0.025172
0.025160
0.025149
0.025137
0.025125
0.025113
0.025101
0.025090
0.025078
0.025066
0.025054
0.025042
0.025030
0.025018
0.025006
0.024994
0.024982
0.024970
0.024958
0.024946
0.024934
0.024921
0.024909
0.024897
0.024885
0.024873
0.024861
0.024848
0.024836
0.024824
0.024811
0.024799
0.024787
0.024775
0.024762
0.024750
0.024737
0.024725
0.024713
0.024700
0.024688
0.024675
0.024663
0.024650
0.024638
0.024625
0.024613
0.024600
0.024587
0.024575
0.024562
0.024550
0.024537
0.024524
0.024512
0.024499
0.024486
0.024474
0.024461
0.024448
0.024435
0.024423
0.024410
0.024397
0.024384
0.024371
0.024359
0.024346
0.024333
0.024320
0.024307
0.024294
0.024281
0.024268
0.024255
0.024242
0.024229
0.024216
0.024203
0.024190
0.024177
0.024164
0.024151
0.024138
0.024125
0.024112
0.024099
0.024086
0.024073
0.024059
0.024046
0.024033
0.024020
0.024007
0.023994
0.023980
0.023967
0.023954
0.023941
0.023927
0.023914
0.023901
0.023888
0.023874
0.023861
0.023848
0.023834
0.023821
0.023808
0.023794
0.023781
0.023767
0.023754
0.023741
0.023727
0.023714
0.023700
0.023687
0.023673
0.023660
0.023646
0.023633
0.023619
0.023606
0.023592
0.023579
0.023565
0.023552
0.023538
0.023525
0.023511
0.023498
0.023484
0.023470
0.023457
0.023443
0.023430
0.023416
0.023402
0.023389
0.023375
0.023361
0.023348
0.023334
0.023320
0.023307
0.023293
0.023279
0.023265
0.023252
0.023238
0.023224
0.023210
0.023197
0.023183
0.023169
0.023155
0.023142
0.023128
0.023114
0.023100
0.023086
0.023073
0.023059
0.023045
0.023031
0.023017
0.023003
0.022990
0.022976
0.022962
0.022948
0.022934
0.022920
0.022906
0.022892
0.022878
0.022865
0.022851
0.022837
0.022823
0.022809
0.022795
0.022781
0.022767
0.022753
0.022739
0.022725
0.022711
0.022697
0.022683
0.022669
0.022655
0.022641
0.022627
0.022613
0.022599
0.022585
0.022571
0.022557
0.022543
0.022529
0.022515
0.022501
0.022487
0.022473
0.022459
0.022445
0.022431
0.022417
0.022403
0.022389
0.022375
0.022361
0.022346
0.022332
0.022318
0.022304
0.022290
0.022276
0.022262
0.022248
0.022234
0.022220
0.022206
0.022191
0.022177
0.022163
0.022149
0.022135
0.022121
0.022107
0.022093
0.022078
0.022064
0.022050
0.022036
0.022022
0.022008
0.021994
0.021979
0.021965
0.021951
0.021937
0.021923
0.021909
0.021895
0.021880
0.021866
0.021852
0.021838
0.021824
0.021810
0.021795
0.021781
0.021767
0.021753
0.021739
0.021725
0.021710
0.021696
0.021682
0.021668
0.021654
0.021640
0.021625
0.021611
0.021597
0.021583
0.021569
0.021555
0.021540
0.021526
0.021512
0.021498
0.021484
0.021470
0.021455
0.021441
0.021427
0.021413
0.021399
0.021385
0.021370
0.021356
0.021342
0.021328
0.021314
0.021299
0.021285
0.021271
0.021257
0.021243
0.021229
0.021214
0.021200
0.021186
0.021172
0.021158
0.021144
0.021129
0.021115
0.021101
0.021087
0.021073
0.021059
0.021045
0.021030
0.021016
0.021002
0.020988
0.020974
0.020960
0.020946
0.020931
0.020917
0.020903
0.020889
0.020875
0.020861
0.020847
0.020832
0.020818
0.020804
0.020790
0.020776
0.020762
0.020748
0.020734
0.020720
0.020705
0.020691
0.020677
0.020663
0.020649
0.020635
0.020621
0.020607
0.020593
0.020579
0.020564
0.020550
0.020536
0.020522
0.020508
0.020494
0.020480
0.020466
0.020452
0.020438
0.020424
0.020410
0.020396
0.020382
0.020368
0.020354
0.020340
0.020326
0.020312
0.020298
0.020284
0.020270
0.020256
0.020242
0.020228
0.020214
0.020200
0.020186
0.020172
0.020158
0.020144
0.020130
0.020116
0.020102
0.020088
0.020074
0.020060
0.020046
0.020032
0.020018
0.020004
0.019990
0.019976
0.019962
0.019948
0.019934
0.019921
0.019907
0.019893
0.019879
0.019865
0.019851
0.019837
0.019823
0.019809
0.019796
0.019782
0.019768
0.019754
0.019740
0.019726
0.019713
0.019699
0.019685
0.019671
0.019657
0.019643
0.019630
0.019616
0.019602
0.019588
0.019574
0.019561
0.019547
0.019533
0.019519
0.019506
0.019492
0.019478
0.019464
0.019451
0.019437
0.019423
0.019410
0.019396
0.019382
0.019368
0.019355
0.019341
0.019327
0.019314
0.019300
0.019286
0.019273
0.019259
0.019245
0.019232
0.019218
0.019204
0.019191
0.019177
0.019164
0.019150
0.019136
0.019123
0.019109
0.019096
0.019082
0.019069
0.019055
0.019041
0.019028
0.019014
0.019001
0.018987
0.018974
0.018960
0.018947
0.018933
0.018920
0.018906
0.018893
0.018879
0.018866
0.018852
0.018839
0.018825
0.018812
0.018799
0.018785
0.018772
0.018758
0.018745
0.018732
0.018718
0.018705
0.018691
0.018678
0.018665
0.018651
0.018638
0.018625
0.018611
0.018598
0.018585
0.018571
0.018558
0.018545
0.018531
0.018518
0.018505
0.018492
0.018478
0.018465
0.018452
0.018439
0.018425
0.018412
0.018399
0.018386
0.018373
0.018359
0.018346
0.018333
0.018320
0.018307
0.018294
0.018280
0.018267
0.018254
0.018241
0.018228
0.018215
0.018202
0.018189
0.018176
0.018162
0.018149
0.018136
0.018123
0.018110
0.018097
0.018084
0.018071
0.018058
0.018045
0.018032
0.018019
0.018006
0.017993
0.017980
0.017967
0.017954
0.017941
0.017929
0.017916
0.017903
0.017890
0.017877
0.017864
0.017851
0.017838
0.017825
0.017813
0.017800
0.017787
0.017774
0.017761
0.017748
0.017736
0.017723
0.017710
0.017697
0.017684
0.017672
0.017659
0.017646
0.017634
0.017621
0.017608
0.017595
0.017583
0.017570
0.017557
0.017545
0.017532
0.017519
0.017507
0.017494
0.017481
0.017469
0.017456
0.017444
0.017431
0.017418
0.017406
0.017393
0.017381
0.017368
0.017356
0.017343
0.017331
0.017318
0.017306
0.017293
0.017281
0.017268
0.017256
0.017243
0.017231
0.017218
0.017206
0.017193
0.017181
0.017169
0.017156
0.017144
0.017131
0.017119
0.017107
0.017094
0.017082
0.017070
0.017057
0.017045
0.017033
0.017020
0.017008
0.016996
0.016984
0.016971
0.016959
0.016947
0.016935
0.016922
0.016910
0.016898
0.016886
0.016874
0.016861
0.016849
0.016837
0.016825
0.016813
0.016801
0.016789
0.016777
0.016764
0.016752
0.016740
0.016728
0.016716
0.016704
0.016692
0.016680
0.016668
0.016656
0.016644
0.016632
0.016620
0.016608
0.016596
0.016584
0.016572
0.016560
0.016548
0.016536
0.016525
0.016513
0.016501
0.016489
0.016477
0.016465
0.016453
0.016441
0.016430
0.016418
0.016406
0.016394
0.016382
0.016371
0.016359
0.016347
0.016335
0.016324
0.016312
0.016300
0.016288
0.016277
0.016265
0.016253
0.016242
0.016230
0.016218
0.016207
0.016195
0.016183
0.016172
0.016160
0.016149
0.016137
0.016126
0.016114
0.016102
0.016091
0.016079
0.016068
0.016056
0.016045
0.016033
0.016022
0.016010
0.015999
0.015987
0.015976
0.015965
0.015953
0.015942
0.015930
0.015919
0.015908
0.015896
0.015885
0.015873
0.015862
0.015851
0.015839
0.015828
0.015817
0.015806
0.015794
0.015783
0.015772
0.015760
0.015749
0.015738
0.015727
0.015716
0.015704
0.015693
0.015682
0.015671
0.015660
0.015649
0.015637
0.015626
0.015615
0.015604
0.015593
0.015582
0.015571
0.015560
0.015549
0.015538
0.015526
0.015515
0.015504
0.015493
0.015482
0.015471
0.015460
0.015449
0.015439
0.015428
0.015417
0.015406
0.015395
0.015384
0.015373
0.015362
0.015351
0.015340
0.015329
0.015319
0.015308
0.015297
0.015286
0.015275
0.015265
0.015254
0.015243
0.015232
0.015221
0.015211
0.015200
0.015189
0.015179
0.015168
0.015157
0.015146
0.015136
0.015125
0.015114
0.015104
0.015093
0.015083
0.015072
0.015061
0.015051
0.015040
0.015030
0.015019
0.015008
0.014998
0.014987
0.014977
0.014966
0.014956
0.014945
0.014935
0.014924
0.014914
0.014903
0.014893
0.014883
0.014872
0.014862
0.014851
0.014841
0.014831
0.014820
0.014810
0.014800
0.014789
0.014779
0.014769
0.014758
0.014748
0.014738
0.014727
0.014717
0.014707
0.014697
0.014686
0.014676
0.014666
0.014656
0.014646
0.014635
0.014625
0.014615
0.014605
0.014595
0.014585
0.014574
0.014564
0.014554
0.014544
0.014534
0.014524
0.014514
0.014504
0.014494
0.014484
0.014474
0.014464
0.014454
0.014444
0.014434
0.014424
0.014414
0.014404
0.014394
0.014384
0.014374
0.014364
0.014354
0.014344
0.014334
0.014325
0.014315
0.014305
0.014295
0.014285
0.014275
0.014266
0.014256
0.014246
0.014236
0.014226
0.014217
0.014207
0.014197
0.014187
0.014178
0.014168
0.014158
0.014149
0.014139
0.014129
0.014120
0.014110
0.014100
0.014091
0.014081
0.014071
0.014062
0.014052
0.014043
0.014033
0.014024
0.014014
0.014004
0.013995
0.013985
0.013976
0.013966
0.013957
0.013947
0.013938
0.013929
0.013919
0.013910
0.013900
0.013891
0.013881
0.013872
0.013863
0.013853
0.013844
0.013834
0.013825
0.013816
0.013806
0.013797
0.013788
0.013779
0.013769
0.013760
0.013751
0.013741
0.013732
0.013723
0.013714
0.013704
0.013695
0.013686
0.013677
0.013668
0.013659
0.013649
0.013640
0.013631
0.013622
0.013613
0.013604
0.013595
0.013586
0.013576
0.013567
0.013558
0.013549
0.013540
0.013531
0.013522
0.013513
0.013504
0.013495
0.013486
0.013477
0.013468
0.013459
0.013450
0.013441
0.013432
0.013424
0.013415
0.013406
0.013397
0.013388
0.013379
0.013370
0.013361
0.013353
0.013344
0.013335
0.013326
0.013317
0.013308
0.013300
0.013291
0.013282
0.013273
0.013265
0.013256
0.013247
0.013239
0.013230
0.013221
0.013212
0.013204
0.013195
0.013186
0.013178
0.013169
0.013161
0.013152
0.013143
0.013135
0.013126
0.013118
0.013109
0.013100
0.013092
0.013083
0.013075
0.013066
0.013058
0.013049
0.013041
0.013032
0.013024
0.013015
0.013007
0.012998
0.012990
0.012982
0.012973
0.012965
0.012956
0.012948
0.012940
0.012931
0.012923
0.012915
0.012906
0.012898
0.012890
0.012881
0.012873
0.012865
0.012856
0.012848
0.012840
0.012832
0.012823
0.012815
0.012807
0.012799
0.012790
0.012782
0.012774
0.012766
0.012758
0.012750
0.012741
0.012733
0.012725
0.012717
0.012709
0.012701
0.012693
0.012685
0.012676
0.012668
0.012660
0.012652
0.012644
0.012636
0.012628
0.012620
0.012612
0.012604
0.012596
0.012588
0.012580
0.012572
0.012564
0.012556
0.012548
0.012541
0.012533
0.012525
0.012517
0.012509
0.012501
0.012493
0.012485
0.012477
0.012470
0.012462
0.012454
0.012446
0.012438
0.012431
0.012423
0.012415
0.012407
0.012399
0.012392
0.012384
0.012376
0.012368
0.012361
0.012353
0.012345
0.012338
0.012330
0.012322
0.012315
0.012307
0.012299
0.012292
0.012284
0.012276
0.012269
0.012261
0.012254
0.012246
0.012239
0.012231
0.012223
0.012216
0.012208
0.012201
0.012193
0.012186
0.012178
0.012171
0.012163
0.012156
0.012148
0.012141
0.012133
0.012126
0.012119
0.012111
0.012104
0.012096
0.012089
0.012081
0.012074
0.012067
0.012059
0.012052
0.012045
0.012037
0.012030
0.012023
0.012015
0.012008
0.012001
0.011993
0.011986
0.011979
0.011972
0.011964
0.011957
0.011950
0.011943
0.011936
0.011928
0.011921
0.011914
0.011907
0.011900
0.011892
0.011885
0.011878
0.011871
0.011864
0.011857
0.011850
0.011842
0.011835
0.011828
0.011821
0.011814
0.011807
0.011800
0.011793
0.011786
0.011779
0.011772
0.011765
0.011758
0.011751
0.011744
0.011737
0.011730
0.011723
0.011716
0.011709
0.011702
0.011695
0.011688
0.011681
0.011674
0.011667
0.011661
0.011654
0.011647
0.011640
0.011633
0.011626
0.011619
0.011613
0.011606
0.011599
0.011592
0.011585
0.011579
0.011572
0.011565
0.011558
0.011551
0.011545
0.011538
0.011531
0.011524
0.011518
0.011511
0.011504
0.011498
0.011491
0.011484
0.011478
0.011471
0.011464
0.011458
0.011451
0.011444
0.011438
0.011431
0.011425
0.011418
0.011411
0.011405
0.011398
0.011392
0.011385
0.011379
0.011372
0.011365
0.011359
0.011352
0.011346
0.011339
0.011333
0.011326
0.011320
0.011313
0.011307
0.011300
0.011294
0.011288
0.011281
0.011275
0.011268
0.011262
0.011256
0.011249
0.011243
0.011236
0.011230
0.011224
0.011217
0.011211
0.011205
0.011198
0.011192
0.011186
0.011179
0.011173
0.011167
0.011160
0.011154
0.011148
0.011142
0.011135
0.011129
0.011123
0.011117
0.011110
0.011104
0.011098
0.011092
0.011086
0.011079
0.011073
0.011067
0.011061
0.011055
0.011048
0.011042
0.011036
0.011030
0.011024
0.011018
0.011012
0.011006
0.011000
0.010993
0.010987
0.010981
0.010975
0.010969
0.010963
0.010957
0.010951
0.010945
0.010939
0.010933
0.010927
0.010921
0.010915
0.010909
0.010903
0.010897
0.010891
0.010885
0.010879
0.010873
0.010867
0.010861
0.010856
0.010850
0.010844
0.010838
0.010832
0.010826
0.010820
0.010814
0.010808
0.010803
0.010797
0.010791
0.010785
0.010779
0.010773
0.010768
0.010762
0.010756
0.010750
0.010744
0.010739
0.010733
0.010727
0.010721
0.010716
0.010710
0.010704
0.010698
0.010693
0.010687
0.010681
0.010676
0.010670
0.010664
0.010659
0.010653
0.010647
0.010642
0.010636
0.010630
0.010625
0.010619
0.010613
0.010608
0.010602
0.010597
0.010591
0.010585
0.010580
0.010574
0.010569
0.010563
0.010558
0.010552
0.010547
0.010541
0.010535
0.010530
0.010524
0.010519
0.010513
0.010508
0.010502
0.010497
0.010492
0.010486
0.010481
0.010475
0.010470
0.010464
0.010459
0.010453
0.010448
0.010443
0.010437
0.010432
0.010426
0.010421
0.010416
0.010410
0.010405
0.010400
0.010394
0.010389
0.010384
0.010378
0.010373
0.010368
0.010362
0.010357
0.010352
0.010346
0.010341
0.010336
0.010330
0.010325
0.010320
0.010315
0.010309
0.010304
0.010299
0.010294
0.010289
0.010283
0.010278
0.010273
0.010268
0.010263
0.010257
0.010252
0.010247
0.010242
0.010237
0.010232
0.010226
0.010221
0.010216
0.010211
0.010206
0.010201
0.010196
0.010191
0.010185
0.010180
0.010175
0.010170
0.010165
0.010160
0.010155
0.010150
0.010145
0.010140
0.010135
0.010130
0.010125
0.010120
0.010115
0.010110
0.010105
0.010100
0.010095
0.010090
0.010085
0.010080
0.010075
0.010070
0.010065
0.010060
0.010055
0.010050
0.010045
0.010040
0.010036
0.010031
0.010026
0.010021
0.010016
0.010011
0.010006
0.010001
0.009996
0.009992
0.009987
0.009982
0.009977
0.009972
0.009967
0.009963
0.009958
0.009953
0.009948
0.009943
0.009939
0.009934
0.009929
0.009924
0.009920
0.009915
0.009910
0.009905
0.009901
0.009896
0.009891
0.009886
0.009882
0.009877
0.009872
0.009868
0.009863
0.009858
0.009853
0.009849
0.009844
0.009839
0.009835
0.009830
0.009825
0.009821
0.009816
0.009812
0.009807
0.009802
0.009798
0.009793
0.009788
0.009784
0.009779
0.009775
0.009770
0.009766
0.009761
0.009756
0.009752
0.009747
0.009743
0.009738
0.009734
0.009729
0.009725
0.009720
0.009716
0.009711
0.009707
0.009702
0.009698
0.009693
0.009689
0.009684
0.009680
0.009675
0.009671
0.009666
0.009662
0.009657
0.009653
0.009649
0.009644
0.009640
0.009635
0.009631
0.009626
0.009622
0.009618
0.009613
0.009609
0.009605
0.009600
0.009596
0.009591
0.009587
0.009583
0.009578
0.009574
0.009570
0.009565
0.009561
0.009557
0.009552
0.009548
0.009544
0.009540
0.009535
0.009531
0.009527
0.009522
0.009518
0.009514
0.009510
0.009505
0.009501
0.009497
0.009493
0.009488
0.009484
0.009480
0.009476
0.009471
0.009467
0.009463
0.009459
0.009455
0.009450
0.009446
0.009442
0.009438
0.009434
0.009430
0.009425
0.009421
0.009417
0.009413
0.009409
0.009405
0.009401
0.009397
0.009392
0.009388
0.009384
0.009380
0.009376
0.009372
0.009368
0.009364
0.009360
0.009356
0.009352
0.009347
0.009343
0.009339
0.009335
0.009331
0.009327
0.009323
0.009319
0.009315
0.009311
0.009307
0.009303
0.009299
0.009295
0.009291
0.009287
0.009283
0.009279
0.009275
0.009271
0.009267
0.009263
0.009259
0.009255
0.009252
0.009248
0.009244
0.009240
0.009236
0.009232
0.009228
0.009224
0.009220
0.009216
0.009212
0.009208
0.009205
0.009201
0.009197
0.009193
0.009189
0.009185
0.009181
0.009178
0.009174
0.009170
0.009166
0.009162
0.009158
0.009154
0.009151
0.009147
0.009143
0.009139
0.009135
0.009132
0.009128
0.009124
0.009120
0.009117
0.009113
0.009109
0.009105
0.009101
0.009098
0.009094
0.009090
0.009086
0.009083
0.009079
0.009075
0.009072
0.009068
0.009064
0.009060
0.009057
0.009053
0.009049
0.009046
0.009042
0.009038
0.009035
0.009031
0.009027
0.009024
0.009020
0.009016
0.009013
0.009009
0.009005
0.009002
0.008998
0.008994
0.008991
0.008987
0.008984
0.008980
0.008976
0.008973
0.008969
0.008966
0.008962
0.008958
0.008955
0.008951
0.008948
0.008944
0.008941
0.008937
0.008933
0.008930
0.008926
0.008923
0.008919
0.008916
0.008912
0.008909
0.008905
0.008902
0.008898
0.008895
0.008891
0.008888
0.008884
0.008881
0.008877
0.008874
0.008870
0.008867
0.008863
0.008860
0.008856
0.008853
0.008849
0.008846
0.008842
0.008839
0.008836
0.008832
0.008829
0.008825
0.008822
0.008819
0.008815
0.008812
0.008808
0.008805
0.008801
0.008798
0.008795
0.008791
0.008788
0.008785
0.008781
0.008778
0.008774
0.008771
0.008768
0.008764
0.008761
0.008758
0.008754
0.008751
0.008748
0.008744
0.008741
0.008738
0.008734
0.008731
0.008728
0.008725
0.008721
0.008718
0.008715
0.008711
0.008708
0.008705
0.008702
0.008698
0.008695
0.008692
0.008689
0.008685
0.008682
0.008679
0.008676
0.008672
0.008669
0.008666
0.008663
0.008659
0.008656
0.008653
0.008650
0.008647
0.008643
0.008640
0.008637
0.008634
0.008631
0.008627
0.008624
0.008621
0.008618
0.008615
0.008611
0.008608
0.008605
0.008602
0.008599
0.008596
0.008593
0.008589
0.008586
0.008583
0.008580
0.008577
0.008574
0.008571
0.008568
0.008564
0.008561
0.008558
0.008555
0.008552
0.008549
0.008546
0.008543
0.008540
0.008537
0.008534
0.008531
0.008527
0.008524
0.008521
0.008518
0.008515
0.008512
0.008509
0.008506
0.008503
0.008500
0.008497
0.008494
0.008491
0.008488
0.008485
0.008482
0.008479
0.008476
0.008473
0.008470
0.008467
0.008464
0.008461
0.008458
0.008455
0.008452
0.008449
0.008446
0.008443
0.008440
0.008437
0.008434
0.008431
0.008428
0.008425
0.008422
0.008420
0.008417
0.008414
0.008411
0.008408
0.008405
0.008402
0.008399
0.008396
0.008393
0.008390
0.008388
0.008385
0.008382
0.008379
0.008376
0.008373
0.008370
0.008367
0.008364
0.008362
0.008359
0.008356
0.008353
0.008350
0.008347
0.008344
0.008342
0.008339
0.008336
0.008333
0.008330
0.008327
0.008325
0.008322
0.008319
0.008316
0.008313
0.008311
0.008308
0.008305
0.008302
0.008299
0.008297
0.008294
0.008291
0.008288
0.008285
0.008283
0.008280
0.008277
0.008274
0.008272
0.008269
0.008266
0.008263
0.008261
0.008258
0.008255
0.008252
0.008250
0.008247
0.008244
0.008242
0.008239
0.008236
0.008233
0.008231
0.008228
0.008225
0.008223
0.008220
0.008217
0.008214
0.008212
0.008209
0.008206
0.008204
0.008201
0.008198
0.008196
0.008193
0.008190
0.008188
0.008185
0.008182
0.008180
0.008177
0.008174
0.008172
0.008169
0.008167
0.008164
0.008161
0.008159
0.008156
0.008153
0.008151
0.008148
0.008146
0.008143
0.008140
0.008138
0.008135
0.008133
0.008130
0.008127
0.008125
0.008122
0.008120
0.008117
0.008114
0.008112
0.008109
0.008107
0.008104
0.008102
0.008099
0.008097
0.008094
0.008091
0.008089
0.008086
0.008084
0.008081
0.008079
0.008076
0.008074
0.008071
0.008069
0.008066
0.008064
0.008061
0.008059
0.008056
0.008054
0.008051
0.008049
0.008046
0.008044
0.008041
0.008039
0.008036
0.008034
0.008031
0.008029
0.008026
0.008024
0.008021
0.008019
0.008016
0.008014
0.008011
0.008009
0.008007
0.008004
0.008002
0.007999
0.007997
0.007994
0.007992
0.007989
0.007987
0.007985
0.007982
0.007980
0.007977
0.007975
0.007973
0.007970
0.007968
0.007965
0.007963
0.007961
0.007958
0.007956
0.007953
0.007951
0.007949
0.007946
0.007944
0.007941
0.007939
0.007937
0.007934
0.007932
0.007930
0.007927
0.007925
0.007923
0.007920
0.007918
0.007916
0.007913
0.007911
0.007909
0.007906
0.007904
0.007902
0.007899
0.007897
0.007895
0.007892
0.007890
0.007888
0.007885
0.007883
0.007881
0.007878
0.007876
0.007874
0.007872
0.007869
0.007867
0.007865
0.007862
0.007860
0.007858
0.007856
0.007853
0.007851
0.007849
0.007846
0.007844
0.007842
0.007840
0.007837
0.007835
0.007833
0.007831
0.007828
0.007826
0.007824
0.007822
0.007819
0.007817
0.007815
0.007813
0.007811
0.007808
0.007806
0.007804
0.007802
0.007799
0.007797
0.007795
0.007793
0.007791
0.007788
0.007786
0.007784
0.007782
0.007780
0.007778
0.007775
0.007773
0.007771
0.007769
0.007767
0.007764
0.007762
0.007760
0.007758
0.007756
0.007754
0.007751
0.007749
0.007747
0.007745
0.007743
0.007741
0.007739
0.007736
0.007734
0.007732
0.007730
0.007728
0.007726
0.007724
0.007722
0.007719
0.007717
0.007715
0.007713
0.007711
0.007709
0.007707
0.007705
0.007703
0.007700
0.007698
0.007696
0.007694
0.007692
0.007690
0.007688
0.007686
0.007684
0.007682
0.007680
0.007678
0.007675
0.007673
0.007671
0.007669
0.007667
0.007665
0.007663
0.007661
0.007659
0.007657
0.007655
0.007653
0.007651
0.007649
0.007647
0.007645
0.007643
0.007641
0.007639
0.007637
0.007635
0.007633
0.007631
0.007629
0.007627
0.007625
0.007622
0.007620
0.007618
0.007616
0.007614
0.007612
0.007610
0.007608
0.007607
0.007605
0.007603
0.007601
0.007599
0.007597
0.007595
0.007593
0.007591
0.007589
0.007587
0.007585
0.007583
0.007581
0.007579
0.007577
0.007575
0.007573
0.007571
0.007569
0.007567
0.007565
0.007563
0.007561
0.007559
0.007557
0.007555
0.007554
0.007552
0.007550
0.007548
0.007546
0.007544
0.007542
0.007540
0.007538
0.007536
0.007534
0.007532
0.007531
0.007529
0.007527
0.007525
0.007523
0.007521
0.007519
0.007517
0.007515
0.007513
0.007512
0.007510
0.007508
0.007506
0.007504
0.007502
0.007500
0.007498
0.007497
0.007495
0.007493
0.007491
0.007489
0.007487
0.007485
0.007484
0.007482
0.007480
0.007478
0.007476
0.007474
0.007472
0.007471
0.007469
0.007467
0.007465
0.007463
0.007461
0.007460
0.007458
0.007456
0.007454
0.007452
0.007451
0.007449
0.007447
0.007445
0.007443
0.007441
0.007440
0.007438
0.007436
0.007434
0.007432
0.007431
0.007429
0.007427
0.007425
0.007423
0.007422
0.007420
0.007418
0.007416
0.007415
0.007413
0.007411
0.007409
0.007407
0.007406
0.007404
0.007402
0.007400
0.007399
0.007397
0.007395
0.007393
0.007392
0.007390
0.007388
0.007386
0.007385
0.007383
0.007381
0.007379
0.007378
0.007376
0.007374
0.007372
0.007371
0.007369
0.007367
0.007366
0.007364
0.007362
0.007360
0.007359
0.007357
0.007355
0.007354
0.007352
0.007350
0.007348
0.007347
0.007345
0.007343
0.007342
0.007340
0.007338
0.007337
0.007335
0.007333
0.007331
0.007330
0.007328
0.007326
0.007325
0.007323
0.007321
0.007320
0.007318
0.007316
0.007315
0.007313
0.007311
0.007310
0.007308
0.007306
0.007305
0.007303
0.007301
0.007300
0.007298
0.007296
0.007295
0.007293
0.007292
0.007290
0.007288
0.007287
0.007285
0.007283
0.007282
0.007280
0.007278
0.007277
0.007275
0.007274
0.007272
0.007270
0.007269
0.007267
0.007265
0.007264
0.007262
0.007261
0.007259
0.007257
0.007256
0.007254
0.007253
0.007251
0.007249
0.007248
0.007246
0.007245
0.007243
0.007241
0.007240
0.007238
0.007237
0.007235
0.007234
0.007232
0.007230
0.007229
0.007227
0.007226
0.007224
0.007223
0.007221
0.007219
0.007218
0.007216
0.007215
0.007213
0.007212
0.007210
0.007208
0.007207
0.007205
0.007204
0.007202
0.007201
0.007199
0.007198
0.007196
0.007195
0.007193
0.007191
0.007190
0.007188
0.007187
0.007185
0.007184
0.007182
0.007181
0.007179
0.007178
0.007176
0.007175
0.007173
0.007172
0.007170
0.007169
0.007167
0.007166
0.007164
0.007163
0.007161
0.007160
0.007158
0.007157
0.007155
0.007154
0.007152
0.007151
0.007149
0.007148
0.007146
0.007145
0.007143
0.007142
0.007140
0.007139
0.007137
0.007136
0.007134
0.007133
0.007131
0.007130
0.007128
0.007127
0.007126
0.007124
0.007123
0.007121
0.007120
0.007118
0.007117
0.007115
0.007114
0.007112
0.007111
0.007110
0.007108
0.007107
0.007105
0.007104
0.007102
0.007101
0.007099
0.007098
0.007097
0.007095
0.007094
0.007092
0.007091
0.007089
0.007088
0.007087
0.007085
0.007084
0.007082
0.007081
0.007079
0.007078
0.007077
0.007075
0.007074
0.007072
0.007071
0.007070
0.007068
0.007067
0.007065
0.007064
0.007063
0.007061
0.007060
0.007058
0.007057
0.007056
0.007054
0.007053
0.007051
0.007050
0.007049
0.007047
0.007046
0.007045
0.007043
0.007042
0.007040
0.007039
0.007038
0.007036
0.007035
0.007034
0.007032
0.007031
0.007029
0.007028
0.007027
0.007025
0.007024
0.007023
0.007021
0.007020
0.007019
0.007017
0.007016
0.007015
0.007013
0.007012
0.007011
0.007009
0.007008
0.007007
0.007005
0.007004
0.007003
0.007001
0.007000
0.006999
0.006997
0.006996
0.006995
0.006993
0.006992
0.006991
0.006989
0.006988
0.006987
0.006985
0.006984
0.006983
0.006981
0.006980
0.006979
0.006977
0.006976
0.006975
0.006973
0.006972
0.006971
0.006970
0.006968
0.006967
0.006966
0.006964
0.006963
0.006962
0.006961
0.006959
0.006958
0.006957
0.006955
0.006954
0.006953
0.006952
0.006950
0.006949
0.006948
0.006946
0.006945
0.006944
0.006943
0.006941
0.006940
0.006939
0.006938
0.006936
0.006935
0.006934
0.006932
0.006931
0.006930
0.006929
0.006927
0.006926
0.006925
0.006924
0.006922
0.006921
0.006920
0.006919
0.006917
0.006916
0.006915
0.006914
0.006912
0.006911
0.006910
0.006909
0.006908
0.006906
0.006905
0.006904
0.006903
0.006901
0.006900
0.006899
0.006898
0.006896
0.006895
0.006894
0.006893
0.006892
0.006890
0.006889
0.006888
0.006887
0.006885
0.006884
0.006883
0.006882
0.006881
0.006879
0.006878
0.006877
0.006876
0.006875
0.006873
0.006872
0.006871
0.006870
0.006869
0.006867
0.006866
0.006865
0.006864
0.006863
0.006861
0.006860
0.006859
0.006858
0.006857
0.006856
0.006854
0.006853
0.006852
0.006851
0.006850
0.006849
0.006847
0.006846
0.006845
0.006844
0.006843
0.006841
0.006840
0.006839
0.006838
0.006837
0.006836
0.006834
0.006833
0.006832
0.006831
0.006830
0.006829
0.006828
0.006826
0.006825
0.006824
0.006823
0.006822
0.006821
0.006820
0.006818
0.006817
0.006816
0.006815
0.006814
0.006813
0.006812
0.006810
0.006809
0.006808
0.006807
0.006806
0.006805
0.006804
0.006802
0.006801
0.006800
0.006799
0.006798
0.006797
0.006796
0.006795
0.006794
0.006792
0.006791
0.006790
0.006789
0.006788
0.006787
0.006786
0.006785
0.006783
0.006782
0.006781
0.006780
0.006779
0.006778
0.006777
0.006776
0.006775
0.006774
0.006772
0.006771
0.006770
0.006769
0.006768
0.006767
0.006766
0.006765
0.006764
0.006763
0.006762
0.006760
0.006759
0.006758
0.006757
0.006756
0.006755
0.006754
0.006753
0.006752
0.006751
0.006750
0.006749
0.006748
0.006746
0.006745
0.006744
0.006743
0.006742
0.006741
0.006740
0.006739
0.006738
0.006737
0.006736
0.006735
0.006734
0.006733
0.006732
0.006731
0.006729
0.006728
0.006727
0.006726
0.006725
0.006724
0.006723
0.006722
0.006721
0.006720
0.006719
0.006718
0.006717
0.006716
0.006715
0.006714
0.006713
0.006712
0.006711
0.006710
0.006709
0.006708
0.006707
0.006706
0.006705
0.006703
0.006702
0.006701
0.006700
0.006699
0.006698
0.006697
0.006696
0.006695
0.006694
0.006693
0.006692
0.006691
0.006690
0.006689
0.006688
0.006687
0.006686
0.006685
0.006684
0.006683
0.006682
0.006681
0.006680
0.006679
0.006678
0.006677
0.006676
0.006675
0.006674
0.006673
0.006672
0.006671
0.006670
0.006669
0.006668
0.006667
0.006666
0.006665
0.006664
0.006663
0.006662
0.006661
0.006660
0.006659
0.006658
0.006657
0.006656
0.006655
0.006654
0.006653
0.006652
0.006651
0.006651
0.006650
0.006649
0.006648
0.006647
0.006646
0.006645
0.006644
0.006643
0.006642
0.006641
0.006640
0.006639
0.006638
0.006637
0.006636
0.006635
0.006634
0.006633
0.006632
0.006631
0.006630
0.006629
0.006628
0.006627
0.006626
0.006626
0.006625
0.006624
0.006623
0.006622
0.006621
0.006620
0.006619
0.006618
0.006617
0.006616
0.006615
0.006614
0.006613
0.006612
0.006611
0.006610
0.006610
0.006609
0.006608
0.006607
0.006606
0.006605
0.006604
0.006603
0.006602
0.006601
0.006600
0.006599
0.006598
0.006597
0.006597
0.006596
0.006595
0.006594
0.006593
0.006592
0.006591
0.006590
0.006589
0.006588
0.006587
0.006586
0.006586
0.006585
0.006584
0.006583
0.006582
0.006581
0.006580
0.006579
0.006578
0.006577
0.006577
0.006576
0.006575
0.006574
0.006573
0.006572
0.006571
0.006570
0.006569
0.006568
0.006568
0.006567
0.006566
0.006565
0.006564
0.006563
0.006562
0.006561
0.006560
0.006560
0.006559
0.006558
0.006557
0.006556
0.006555
0.006554
0.006553
0.006553
0.006552
0.006551
0.006550
0.006549
0.006548
0.006547
0.006546
0.006546
0.006545
0.006544
0.006543
0.006542
0.006541
0.006540
0.006539
0.006539
0.006538
0.006537
0.006536
0.006535
0.006534
0.006533
0.006533
0.006532
0.006531
0.006530
0.006529
0.006528
0.006527
0.006527
0.006526
0.006525
0.006524
0.006523
0.006522
0.006522
0.006521
0.006520
0.006519
0.006518
0.006517
0.006516
0.006516
0.006515
0.006514
0.006513
0.006512
0.006511
0.006511
0.006510
0.006509
0.006508
0.006507
0.006506
0.006506
0.006505
0.006504
0.006503
0.006502
0.006501
0.006501
0.006500
0.006499
0.006498
0.006497
0.006497
0.006496
0.006495
0.006494
0.006493
0.006492
0.006492
0.006491
0.006490
0.006489
0.006488
0.006488
0.006487
0.006486
0.006485
0.006484
0.006483
0.006483
0.006482
0.006481
0.006480
0.006479
0.006479
0.006478
0.006477
0.006476
0.006475
0.006475
0.006474
0.006473
0.006472
0.006471
0.006471
0.006470
0.006469
0.006468
0.006467
0.006467
0.006466
0.006465
0.006464
0.006463
0.006463
0.006462
0.006461
0.006460
0.006460
0.006459
0.006458
0.006457
0.006456
0.006456
0.006455
0.006454
0.006453
0.006453
0.006452
0.006451
0.006450
0.006449
0.006449
0.006448
0.006447
0.006446
0.006446
0.006445
0.006444
0.006443
0.006442
0.006442
0.006441
0.006440
0.006439
0.006439
0.006438
0.006437
0.006436
0.006436
0.006435
0.006434
0.006433
0.006433
0.006432
0.006431
0.006430
0.006429
0.006429
0.006428
0.006427
0.006426
0.006426
0.006425
0.006424
0.006423
0.006423
0.006422
0.006421
0.006420
0.006420
0.006419
0.006418
0.006417
0.006417
0.006416
0.006415
0.006414
0.006414
0.006413
0.006412
0.006412
0.006411
0.006410
0.006409
0.006409
0.006408
0.006407
0.006406
0.006406
0.006405
0.006404
0.006403
0.006403
0.006402
0.006401
0.006401
0.006400
0.006399
0.006398
0.006398
0.006397
0.006396
0.006395
0.006395
0.006394
0.006393
0.006393
0.006392
0.006391
0.006390
0.006390
0.006389
0.006388
0.006388
0.006387
0.006386
0.006385
0.006385
0.006384
0.006383
0.006383
0.006382
0.006381
0.006380
0.006380
0.006379
0.006378
0.006378
0.006377
0.006376
0.006375
0.006375
0.006374
0.006373
0.006373
0.006372
0.006371
0.006371
0.006370
0.006369
0.006368
0.006368
0.006367
0.006366
0.006366
0.006365
0.006364
0.006364
0.006363
0.006362
0.006361
0.006361
0.006360
0.006359
0.006359
0.006358
0.006357
0.006357
0.006356
0.006355
0.006355
0.006354
0.006353
0.006353
0.006352
0.006351
0.006350
0.006350
0.006349
0.006348
0.006348
0.006347
0.006346
0.006346
0.006345
0.006344
0.006344
0.006343
0.006342
0.006342
0.006341
0.006340
0.006340
0.006339
0.006338
0.006338
0.006337
0.006336
0.006336
0.006335
0.006334
0.006334
0.006333
0.006332
0.006332
0.006331
0.006330
0.006330
0.006329
0.006328
0.006328
0.006327
0.006326
0.006326
0.006325
0.006324
0.006324
0.006323
0.006322
0.006322
0.006321
0.006320
0.006320
0.006319
0.006319
0.006318
0.006317
0.006317
0.006316
0.006315
0.006315
0.006314
0.006313
0.006313
0.006312
0.006311
0.006311
0.006310
0.006309
0.006309
0.006308
0.006308
0.006307
0.006306
0.006306
0.006305
0.006304
0.006304
0.006303
0.006302
0.006302
0.006301
0.006301
0.006300
0.006299
0.006299
0.006298
0.006297
0.006297
0.006296
0.006295
0.006295
0.006294
0.006294
0.006293
0.006292
0.006292
0.006291
0.006290
0.006290
0.006289
0.006289
0.006288
0.006287
0.006287
0.006286
0.006286
0.006285
0.006284
0.006284
0.006283
0.006282
0.006282
0.006281
0.006281
0.006280
0.006279
0.006279
0.006278
0.006277
0.006277
0.006276
0.006276
0.006275
0.006274
0.006274
0.006273
0.006273
0.006272
0.006271
0.006271
0.006270
0.006270
0.006269
0.006268
0.006268
0.006267
0.006267
0.006266
0.006265
0.006265
0.006264
0.006264
0.006263
0.006262
0.006262
0.006261
0.006261
0.006260
0.006259
0.006259
0.006258
0.006258
0.006257
0.006256
0.006256
0.006255
0.006255
0.006254
0.006253
0.006253
0.006252
0.006252
0.006251
0.006251
0.006250
0.006249
0.006249
0.006248
0.006248
0.006247
0.006246
0.006246
0.006245
0.006245
0.006244
0.006244
0.006243
0.006242
0.006242
0.006241
0.006241
0.006240
0.006239
0.006239
0.006238
0.006238
0.006237
0.006237
0.006236
0.006235
0.006235
0.006234
0.006234
0.006233
0.006233
0.006232
0.006231
0.006231
0.006230
0.006230
0.006229
0.006229
0.006228
0.006227
0.006227
0.006226
0.006226
0.006225
0.006225
0.006224
0.006224
0.006223
0.006222
0.006222
0.006221
0.006221
0.006220
0.006220
0.006219
0.006219
0.006218
0.006217
0.006217
0.006216
0.006216
0.006215
0.006215
0.006214
0.006214
0.006213
0.006212
0.006212
0.006211
0.006211
0.006210
0.006210
0.006209
0.006209
0.006208
0.006207
0.006207
0.006206
0.006206
0.006205
0.006205
0.006204
0.006204
0.006203
0.006203
0.006202
0.006202
0.006201
0.006200
0.006200
0.006199
0.006199
0.006198
0.006198
0.006197
0.006197
0.006196
0.006196
0.006195
0.006195
0.006194
0.006193
0.006193
0.006192
0.006192
0.006191
0.006191
0.006190
0.006190
0.006189
0.006189
0.006188
0.006188
0.006187
0.006187
0.006186
0.006185
0.006185
0.006184
0.006184
0.006183
0.006183
0.006182
0.006182
0.006181
0.006181
0.006180
0.006180
0.006179
0.006179
0.006178
0.006178
0.006177
0.006177
0.006176
0.006176
0.006175
0.006175
0.006174
0.006174
0.006173
0.006172
0.006172
0.006171
0.006171
0.006170
0.006170
0.006169
0.006169
0.006168
0.006168
0.006167
0.006167
0.006166
0.006166
0.006165
0.006165
0.006164
0.006164
0.006163
0.006163
0.006162
0.006162
0.006161
0.006161
0.006160
0.006160
0.006159
0.006159
0.006158
0.006158
0.006157
0.006157
0.006156
0.006156
0.006155
0.006155
0.006154
0.006154
0.006153
0.006153
0.006152
0.006152
0.006151
0.006151
0.006150
0.006150
0.006149
0.006149
0.006148
0.006148
0.006147
0.006147
0.006146
0.006146
0.006145
0.006145
0.006144
0.006144
0.006143
0.006143
0.006142
0.006142
0.006142
0.006141
0.006141
0.006140
0.006140
0.006139
0.006139
0.006138
0.006138
0.006137
0.006137
0.006136
0.006136
0.006135
0.006135
0.006134
0.006134
0.006133
0.006133
0.006132
0.006132
0.006131
0.006131
0.006130
0.006130
0.006130
0.006129
0.006129
0.006128
0.006128
0.006127
0.006127
0.006126
0.006126
0.006125
0.006125
0.006124
0.006124
0.006123
0.006123
0.006122
0.006122
0.006122
0.006121
0.006121
0.006120
0.006120
0.006119
0.006119
0.006118
0.006118
0.006117
0.006117
0.006116
0.006116
0.006115
0.006115
0.006115
0.006114
0.006114
0.006113
0.006113
0.006112
0.006112
0.006111
0.006111
0.006110
0.006110
0.006110
0.006109
0.006109
0.006108
0.006108
0.006107
0.006107
0.006106
0.006106
0.006105
0.006105
0.006105
0.006104
0.006104
0.006103
0.006103
0.006102
0.006102
0.006101
0.006101
0.006100
0.006100
0.006100
0.006099
0.006099
0.006098
0.006098
0.006097
0.006097
0.006096
0.006096
0.006096
0.006095
0.006095
0.006094
0.006094
0.006093
0.006093
0.006092
0.006092
0.006092
0.006091
0.006091
0.006090
0.006090
0.006089
0.006089
0.006089
0.006088
0.006088
0.006087
0.006087
0.006086
0.006086
0.006085
0.006085
0.006085
0.006084
0.006084
0.006083
0.006083
0.006082
0.006082
0.006082
0.006081
0.006081
0.006080
0.006080
0.006079
0.006079
0.006079
0.006078
0.006078
0.006077
0.006077
0.006076
0.006076
0.006076
0.006075
0.006075
0.006074
0.006074
0.006073
0.006073
0.006073
0.006072
0.006072
0.006071
0.006071
0.006071
0.006070
0.006070
0.006069
0.006069
0.006068
0.006068
0.006068
0.006067
0.006067
0.006066
0.006066
0.006065
0.006065
0.006065
0.006064
0.006064
0.006063
0.006063
0.006063
0.006062
0.006062
0.006061
0.006061
0.006061
0.006060
0.006060
0.006059
0.006059
0.006058
0.006058
0.006058
0.006057
0.006057
0.006056
0.006056
0.006056
0.006055
0.006055
0.006054
0.006054
0.006054
0.006053
0.006053
0.006052
0.006052
0.006052
0.006051
0.006051
0.006050
0.006050
0.006050
0.006049
0.006049
0.006048
0.006048
0.006048
0.006047
0.006047
0.006046
0.006046
0.006046
0.006045
0.006045
0.006044
0.006044
0.006044
0.006043
0.006043
0.006042
0.006042
0.006042
0.006041
0.006041
0.006040
0.006040
0.006040
0.006039
0.006039
0.006038
0.006038
0.006038
0.006037
0.006037
0.006036
0.006036
0.006036
0.006035
0.006035
0.006035
0.006034
0.006034
0.006033
0.006033
0.006033
0.006032
0.006032
0.006031
0.006031
0.006031
0.006030
0.006030
0.006030
0.006029
0.006029
0.006028
0.006028
0.006028
0.006027
0.006027
0.006026
0.006026
0.006026
0.006025
0.006025
0.006025
0.006024
0.006024
0.006023
0.006023
0.006023
0.006022
0.006022
0.006022
0.006021
0.006021
0.006020
0.006020
0.006020
0.006019
0.006019
0.006019
0.006018
0.006018
0.006017
0.006017
0.006017
0.006016
0.006016
0.006016
0.006015
0.006015
0.006014
0.006014
0.006014
0.006013
0.006013
0.006013
0.006012
0.006012
0.006012
0.006011
0.006011
0.006010
0.006010
0.006010
0.006009
0.006009
0.006009
0.006008
0.006008
0.006007
0.006007
0.006007
0.006006
0.006006
0.006006
0.006005
0.006005
0.006005
0.006004
0.006004
0.006004
0.006003
0.006003
0.006002
0.006002
0.006002
0.006001
0.006001
0.006001
0.006000
0.006000
0.006000
0.005999
0.005999
0.005998
0.005998
0.005998
0.005997
0.005997
0.005997
0.005996
0.005996
0.005996
0.005995
0.005995
0.005995
0.005994
0.005994
0.005994
0.005993
0.005993
0.005992
0.005992
0.005992
0.005991
0.005991
0.005991
0.005990
0.005990
0.005990
0.005989
0.005989
0.005989
0.005988
0.005988
0.005988
0.005987
0.005987
0.005987
0.005986
0.005986
0.005986
0.005985
0.005985
0.005985
0.005984
0.005984
0.005983
0.005983
0.005983
0.005982
0.005982
0.005982
0.005981
0.005981
0.005981
0.005980
0.005980
0.005980
0.005979
0.005979
0.005979
0.005978
0.005978
0.005978
0.005977
0.005977
0.005977
0.005976
0.005976
0.005976
0.005975
0.005975
0.005975
0.005974
0.005974
0.005974
0.005973
0.005973
0.005973
0.005972
0.005972
0.005972
0.005971
0.005971
0.005971
0.005970
0.005970
0.005970
0.005969
0.005969
0.005969
0.005968
0.005968
0.005968
0.005967
0.005967
0.005967
0.005966
0.005966
0.005966
0.005965
0.005965
0.005965
0.005964
0.005964
0.005964
0.005963
0.005963
0.005963
0.005963
0.005962
0.005962
0.005962
0.005961
0.005961
0.005961
0.005960
0.005960
0.005960
0.005959
0.005959
0.005959
0.005958
0.005958
0.005958
0.005957
0.005957
0.005957
0.005956
0.005956
0.005956
0.005955
0.005955
0.005955
0.005955
0.005954
0.005954
0.005954
0.005953
0.005953
0.005953
0.005952
0.005952
0.005952
0.005951
0.005951
0.005951
0.005950
0.005950
0.005950
0.005949
0.005949
0.005949
0.005949
0.005948
0.005948
0.005948
0.005947
0.005947
0.005947
0.005946
0.005946
0.005946
0.005945
0.005945
0.005945
0.005945
0.005944
0.005944
0.005944
0.005943
0.005943
0.005943
0.005942
0.005942
0.005942
0.005941
0.005941
0.005941
0.005941
0.005940
0.005940
0.005940
0.005939
0.005939
0.005939
0.005938
0.005938
0.005938
0.005938
0.005937
0.005937
0.005937
0.005936
0.005936
0.005936
0.005935
0.005935
0.005935
0.005935
0.005934
0.005934
0.005934
0.005933
0.005933
0.005933
0.005932
0.005932
0.005932
0.005932
0.005931
0.005931
0.005931
0.005930
0.005930
0.005930
0.005930
0.005929
0.005929
0.005929
0.005928
0.005928
0.005928
0.005927
0.005927
0.005927
0.005927
0.005926
0.005926
0.005926
0.005925
0.005925
0.005925
0.005925
0.005924
0.005924
0.005924
0.005923
0.005923
0.005923
0.005923
0.005922
0.005922
0.005922
0.005921
0.005921
0.005921
0.005921
0.005920
0.005920
0.005920
0.005919
0.005919
0.005919
0.005919
0.005918
0.005918
0.005918
0.005917
0.005917
0.005917
0.005917
0.005916
0.005916
0.005916
0.005915
0.005915
0.005915
0.005915
0.005914
0.005914
0.005914
0.005913
0.005913
0.005913
0.005913
0.005912
0.005912
0.005912
0.005911
0.005911
0.005911
0.005911
0.005910
0.005910
0.005910
0.005910
0.005909
0.005909
0.005909
0.005908
0.005908
0.005908
0.005908
0.005907
0.005907
0.005907
0.005907
0.005906
0.005906
0.005906
0.005905
0.005905
0.005905
0.005905
0.005904
0.005904
0.005904
0.005904
0.005903
0.005903
0.005903
0.005902
0.005902
0.005902
0.005902
0.005901
0.005901
0.005901
0.005901
0.005900
0.005900
0.005900
0.005899
0.005899
0.005899
0.005899
0.005898
0.005898
0.005898
0.005898
0.005897
0.005897
0.005897
0.005897
0.005896
0.005896
0.005896
0.005895
0.005895
0.005895
0.005895
0.005894
0.005894
0.005894
0.005894
0.005893
0.005893
0.005893
0.005893
0.005892
0.005892
0.005892
0.005892
0.005891
0.005891
0.005891
0.005891
0.005890
0.005890
0.005890
0.005889
0.005889
0.005889
0.005889
0.005888
0.005888
0.005888
0.005888
0.005887
0.005887
0.005887
0.005887
0.005886
0.005886
0.005886
0.005886
0.005885
0.005885
0.005885
0.005885
0.005884
0.005884
0.005884
0.005884
0.005883
0.005883
0.005883
0.005883
0.005882
0.005882
0.005882
0.005882
0.005881
0.005881
0.005881
0.005881
0.005880
0.005880
0.005880
0.005880
0.005879
0.005879
0.005879
0.005879
0.005878
0.005878
0.005878
0.005878
0.005877
0.005877
0.005877
0.005877
0.005876
0.005876
0.005876
0.005876
0.005875
0.005875
0.005875
0.005875
0.005874
0.005874
0.005874
0.005874
0.005873
0.005873
0.005873
0.005873
0.005872
0.005872
0.005872
0.005872
0.005871
0.005871
0.005871
0.005871
0.005870
0.005870
0.005870
0.005870
0.005869
0.005869
0.005869
0.005869
0.005869
0.005868
0.005868
0.005868
0.005868
0.005867
0.005867
0.005867
0.005867
0.005866
0.005866
0.005866
0.005866
0.005865
0.005865
0.005865
0.005865
0.005864
0.005864
0.005864
0.005864
0.005864
0.005863
0.005863
0.005863
0.005863
0.005862
0.005862
0.005862
0.005862
0.005861
0.005861
0.005861
0.005861
0.005860
0.005860
0.005860
0.005860
0.005860
0.005859
0.005859
0.005859
0.005859
0.005858
0.005858
0.005858
0.005858
0.005857
0.005857
0.005857
0.005857
0.005857
0.005856
0.005856
0.005856
0.005856
0.005855
0.005855
0.005855
0.005855
0.005854
0.005854
0.005854
0.005854
0.005854
0.005853
0.005853
0.005853
0.005853
0.005852
0.005852
0.005852
0.005852
0.005852
0.005851
0.005851
0.005851
0.005851
0.005850
0.005850
0.005850
0.005850
0.005850
0.005849
0.005849
0.005849
0.005849
0.005848
0.005848
0.005848
0.005848
0.005848
0.005847
0.005847
0.005847
0.005847
0.005846
0.005846
0.005846
0.005846
0.005846
0.005845
0.005845
0.005845
0.005845
0.005844
0.005844
0.005844
0.005844
0.005844
0.005843
0.005843
0.005843
0.005843
0.005842
0.005842
0.005842
0.005842
0.005842
0.005841
0.005841
0.005841
0.005841
0.005841
0.005840
0.005840
0.005840
0.005840
0.005839
0.005839
0.005839
0.005839
0.005839
0.005838
0.005838
0.005838
0.005838
0.005838
0.005837
0.005837
0.005837
0.005837
0.005836
0.005836
0.005836
0.005836
0.005836
0.005835
0.005835
0.005835
0.005835
0.005835
0.005834
0.005834
0.005834
0.005834
0.005833
0.005833
0.005833
0.005833
0.005833
0.005832
0.005832
0.005832
0.005832
0.005832
0.005831
0.005831
0.005831
0.005831
0.005831
0.005830
0.005830
0.005830
0.005830
0.005830
0.005829
0.005829
0.005829
0.005829
0.005829
0.005828
0.005828
0.005828
0.005828
0.005827
0.005827
0.005827
0.005827
0.005827
0.005826
0.005826
0.005826
0.005826
0.005826
0.005825
0.005825
0.005825
0.005825
0.005825
0.005824
0.005824
0.005824
0.005824
0.005824
0.005823
0.005823
0.005823
0.005823
0.005823
0.005822
0.005822
0.005822
0.005822
0.005822
0.005821
0.005821
0.005821
0.005821
0.005821
0.005820
0.005820
0.005820
0.005820
0.005820
0.005819
0.005819
0.005819
0.005819
0.005819
0.005818
0.005818
0.005818
0.005818
0.005818
0.005817
0.005817
0.005817
0.005817
0.005817
0.005817
0.005816
0.005816
0.005816
0.005816
0.005816
0.005815
0.005815
0.005815
0.005815
0.005815
0.005814
0.005814
0.005814
0.005814
0.005814
0.005813
0.005813
0.005813
0.005813
0.005813
0.005812
0.005812
0.005812
